255 255 255 255 255 255 255 255 255 255 255 255 255 255 255 255 255 255 0 0 0 0 0 0 0 0 0 0 0 0 255 255 255 255 255 255 255 255 255 255 255 255 255 255 255 255 255 255 
255 255 255 255 255 255 255 255 255 255 255 255 0 0 0 0 0 0 255 255 255 255 255 255 255 255 255 255 255 255 0 0 0 0 0 0 0 0 0 255 255 255 255 255 255 255 255 255 
255 255 255 255 255 255 0 0 0 0 0 0 255 255 255 255 255 255 255 255 255 255 255 255 255 255 255 255 255 255 255 255 255 255 255 255 255 255 255 0 0 0 255 255 255 255 255 255 
255 255 255 0 0 0 255 255 255 255 255 255 255 255 255 255 255 255 255 255 255 255 255 255 255 0 0 255 255 255 255 0 0 255 255 255 255 0 0 255 255 255 0 0 0 255 255 255 
0 0 0 255 255 255 255 255 255 255 255 255 255 255 255 255 255 255 255 255 255 255 255 255 255 0 0 255 0 0 255 0 0 255 0 0 255 0 0 255 255 255 0 0 0 255 255 255 
0 0 0 255 255 255 255 255 255 255 255 255 255 255 255 255 255 255 255 255 255 255 255 255 255 255 255 255 0 0 255 0 0 255 0 0 255 0 0 255 0 0 255 255 255 0 0 0 
0 0 0 255 255 255 255 255 255 255 255 255 0 0 0 255 255 255 255 255 255 255 255 255 255 255 255 255 0 0 255 0 0 255 0 0 255 0 0 255 0 0 255 255 255 0 0 0 
255 255 255 0 0 0 255 255 255 0 0 0 255 255 255 255 255 255 255 255 255 255 255 255 255 255 255 255 0 0 255 255 255 255 0 0 255 255 255 255 0 0 255 255 255 0 0 0 
255 255 255 0 0 0 255 255 255 0 0 0 255 255 255 255 255 255 0 0 0 255 255 255 255 255 255 255 255 255 255 255 255 255 255 255 255 255 255 255 255 255 255 255 255 0 0 0 
255 255 255 0 0 0 255 255 255 255 255 255 0 0 0 0 0 0 255 255 255 255 255 255 255 255 255 255 255 255 0 0 0 255 255 255 0 0 0 255 255 255 255 255 255 0 0 0 
255 255 255 255 255 255 0 0 0 255 255 255 255 255 255 255 255 255 255 255 255 255 255 255 255 255 255 255 255 255 0 0 0 255 255 255 0 0 0 255 255 255 0 0 0 255 255 255 
255 255 255 255 255 255 0 0 0 255 255 255 255 255 255 255 255 255 255 255 255 255 255 255 255 255 255 255 255 255 80 208 255 255 255 255 80 208 255 255 255 255 0 0 0 255 255 255 
255 255 255 255 255 255 255 255 255 0 0 0 255 255 255 255 255 255 255 255 255 255 255 255 255 255 255 255 255 255 80 208 255 255 255 255 80 208 255 0 0 0 255 255 255 255 255 255 
255 255 255 255 255 255 255 255 255 255 255 255 255 255 255 255 255 255 0 0 0 0 0 0 0 0 0 0 0 0 0 0 0 255 255 255 255 255 255 255 255 255 255 255 255 255 255 255 
255 255 255 255 255 255 255 255 255 255 255 255 255 255 255 255 255 255 255 255 255 255 255 255 255 255 255 255 255 255 255 255 255 255 255 255 255 255 255 255 255 255 255 255 255 255 255 255
